.Random.seed <-
c(10403L, 10L, 1199193431L, 1713163597L, 216436964L, -809661238L, 
-159915723L, -1362172017L, 1235072150L, -901088192L, 964209923L, 
846438689L, 891234832L, -1365822994L, 1573365145L, -769342933L, 
-155405542L, -328234532L, 1970356191L, -1128216651L, 767385932L, 
-508581982L, 723504893L, 1584979959L, -346019554L, -2032135208L, 
1478227259L, 1494667993L, -1120252312L, 1510789014L, -1416217839L, 
-206826301L, 1415716050L, -1127544476L, 364997799L, -331623939L, 
-102138892L, 50017498L, 856299045L, -1319023809L, -913004346L, 
1116710224L, 670666099L, -2068408431L, 676211136L, 2095721374L, 
300324201L, -1349251685L, -1375121238L, 525135564L, 619171727L, 
-1928602683L, 1328775036L, -647462958L, -1236660403L, -1002476025L, 
1102065134L, -1245472568L, -1054058549L, 269836841L, -1519165320L, 
-1242595930L, -1585403967L, 609131603L, 1340764930L, -1614031308L, 
425022391L, 914543533L, -870082364L, 1337318634L, -1188818091L, 
-643382033L, -252654858L, 1375041056L, 658467811L, -1386995583L, 
349724400L, -651555442L, -248044807L, -809475957L, -616339270L, 
1638128572L, -1680842497L, 24921173L, -1669542036L, 532242370L, 
458127389L, 772524183L, -1989126658L, 1662862776L, -1304557157L, 
1339625465L, -814819512L, 2091545206L, 83774385L, -2119698973L, 
470665906L, 1423763204L, 1177353287L, -1069311203L, -515948140L, 
999646522L, -789333627L, 622631519L, 1538800870L, 456175472L, 
1305489555L, -823460559L, -879277088L, 1468545150L, -106740983L, 
116294971L, -1588897526L, -303322900L, -20703889L, -661767515L, 
-256666532L, 1118155826L, 252334893L, 1004472807L, 466834702L, 
310110952L, 1860166891L, 1756249481L, -1511154408L, -95813562L, 
1137502369L, 749449011L, -1007133022L, 1162399124L, -1463249897L, 
-1502530547L, 399171876L, -936899318L, 32533621L, -1358805041L, 
1542424790L, -998995840L, -1390979389L, -1706180511L, -1057550128L, 
-1924920786L, -1571079207L, -894188565L, 1229038170L, -1843923940L, 
-556945121L, -1351286411L, 1512341516L, -943756830L, 1271648957L, 
1282682167L, 1582723550L, 1977915160L, -1202962821L, 1165675545L, 
809426088L, 257070678L, 1640805073L, 1421738627L, 676256018L, 
-1010344796L, -1322095513L, 1089791421L, 1569347380L, -265648998L, 
1645914853L, -1815186305L, -1378529786L, 1120139664L, -1252277197L, 
-1706538031L, -1250885248L, -1405162402L, 1475791785L, -326192549L, 
-1236253078L, -1336587508L, -1836139185L, 1176077829L, 1242131644L, 
1101082002L, 306267789L, -1770996537L, -283813458L, -1308818424L, 
2024814603L, 331607273L, 1633438648L, 1813328998L, -458533631L, 
-122309741L, 828707906L, 2129021940L, -1759787529L, 94157293L, 
1025235588L, -1870086998L, 1831471637L, -147122513L, 760173750L, 
-347438368L, 115891747L, 47391041L, -1837556688L, 526247502L, 
1349243577L, 1229506251L, -189833350L, -1821956484L, 466412223L, 
795427733L, -2073566292L, -1961801342L, -1356394659L, -1874468265L, 
786114878L, 2092853624L, 1120821851L, 1994433977L, 145504264L, 
-135558474L, -1686928911L, 1856223267L, 238803058L, 1557588676L, 
2146188423L, 689737821L, 97023572L, -900600488L, 1796427834L, 
-937884816L, -515894212L, 1974643476L, -1990095422L, -1967256352L, 
-1495632004L, -346614064L, 1185700514L, -1632463832L, -1874788084L, 
-1506964548L, -1029552846L, 2015066048L, -133814732L, -1979634744L, 
-1358797638L, -1400469616L, -1278072340L, -1895459756L, 1459395218L, 
1019095840L, -1123802676L, -1085776928L, 882316994L, 1875416616L, 
1836691116L, 850806460L, -1289633294L, -1208837840L, -1491122012L, 
-557401416L, -914989222L, 2128706960L, 1148087676L, -1630629612L, 
-1355862718L, 921006848L, 642460604L, -2056957104L, -355818206L, 
-872666808L, 237046796L, -307413924L, -144497454L, 55321600L, 
116991828L, -1501013528L, -1740489734L, -1158608176L, -1229847252L, 
175365364L, -1447025774L, -2125583264L, -149079796L, 610704096L, 
1334682978L, 1790621352L, -2064482740L, 1775309692L, 162176818L, 
-2118032784L, -1482682044L, -293435432L, 859030650L, 838216240L, 
267890364L, 661999444L, -112279998L, 183140256L, 348822716L, 
-477949488L, -1370152606L, -82122776L, -180716596L, 2102238972L, 
-871005198L, 1342608512L, 1073396L, 443510920L, 2141253946L, 
1142330192L, 278650988L, -1602511724L, 850437458L, 1679164128L, 
1699261644L, 841772192L, 48721282L, 2115402984L, 1375767788L, 
-1853667268L, -1509311374L, -1394918288L, 41402916L, -1574234568L, 
-943349222L, 1751119056L, 178619964L, 189272212L, 1049967746L, 
-1289724992L, 2027860284L, -279142768L, -1278176222L, 2058412040L, 
987374732L, 864060444L, 1077948562L, 1451877504L, -366728172L, 
673888040L, -464971718L, 57469136L, 1378347116L, -1519362380L, 
941337618L, -469716000L, 1162732492L, -1439206944L, 1552984098L, 
1703388456L, -1484697332L, -620854724L, 718473458L, 1813302512L, 
699832132L, 2094754904L, -1939225030L, -1564503824L, -1935366468L, 
-1377082860L, -281039678L, -1015621024L, -1999658628L, 1759612112L, 
-1749440478L, 1740260520L, -1032318580L, 662229436L, -1749132238L, 
-2069293248L, -815607116L, 933985608L, -836753734L, -282504432L, 
-308659988L, -1529938860L, 1414716178L, -1064747616L, 160405452L, 
1892344672L, 2099227842L, -2034056664L, 226192812L, -509576388L, 
1014046578L, -1592303824L, -1542048732L, 88470072L, 306292442L, 
-1233595504L, -877967108L, -240795244L, -1797311678L, 1684855296L, 
1129378876L, 609016400L, -776817502L, 974378824L, -331047412L, 
-1026306340L, -454029230L, 1928577152L, -1706693804L, 743101416L, 
1657488122L, -423202992L, 697741356L, -1375731340L, -2103516526L, 
1243427424L, -2095197044L, -1734793888L, 817703138L, -657035096L, 
1499974348L, 1594717692L, -880271438L, -1104402448L, 393610692L, 
1688500568L, 154899834L, -1347799632L, -38471236L, -1174812076L, 
-1724600894L, -556958944L, -785691716L, -1627192240L, 919146466L, 
814297960L, 451200844L, -1785861380L, 432372466L, 1574990080L, 
-1200958348L, -474387960L, 1256372666L, 999680464L, -1477178388L, 
743208852L, -345817902L, -2111674272L, 1362956620L, -1940703456L, 
330701442L, -1664308760L, -793127956L, 112078396L, 2129914482L, 
-505254032L, 1450303780L, -371560904L, 539377050L, -799570480L, 
-1933969250L, -1801347733L, -245611283L, 284357978L, 279049752L, 
422454145L, -1549534925L, 396253012L, -1829555870L, -1181926921L, 
-596346303L, 1217957574L, -1242263548L, 491880373L, 534229151L, 
1836379384L, -1168436010L, 983418211L, -1118113499L, 1553835714L, 
-1707383888L, -1575796775L, 1862760779L, 1661861820L, -499361814L, 
-351567841L, 526091945L, -630531522L, 1798825772L, 1237041533L, 
-397844537L, 1199056560L, -1787329330L, 200273403L, 207394397L, 
-272965238L, -1151510104L, 392353553L, 1161242115L, -1115578108L, 
-1987914446L, 777618311L, -1186328111L, -1035097258L, -1603067596L, 
1369980997L, 1454180495L, -1093442040L, -1505048026L, 1347771091L, 
-588633035L, 1680241554L, 1116509024L, 1272557257L, -1422110213L, 
633339340L, 400723034L, -1709002417L, 539709465L, 466056750L, 
861740092L, -1098098259L, -860415401L, 985109408L, -1170130690L, 
-90076213L, 460557773L, -1468841734L, 1924809528L, 647782625L, 
1240019859L, -310921292L, -441701182L, 564281559L, -1023574751L, 
1345252582L, 1170565604L, 1682908437L, 1343470911L, -725028648L, 
405090550L, -1114486013L, 1324907589L, -618802078L, -1110711344L, 
-1750578951L, 1868055083L, -1140904548L, 688002506L, -2111551809L, 
1691265033L, -598025954L, -642704180L, 210712733L, -647103193L, 
-671199408L, -211779090L, 1457088155L, 519538941L, -1664380950L, 
1324955784L, -1851849167L, -1738768221L, -1537952604L, -1384393390L, 
785031335L, 1297609969L, -1228413898L, 449129684L, -1502949275L, 
171793007L, 443716776L, 121106950L, 23073587L, 437200789L, -23649294L, 
-1152460736L, -890017367L, -635951077L, -1981876756L, -165132806L, 
-886828497L, 108297785L, 972990542L, -937496420L, -973712883L, 
1306291831L, -1865668992L, 984589534L, 928520107L, -779224915L, 
1655397658L, -1764918824L, 1586397761L, -1417815821L, 1933743892L, 
